==================================================
Sample Run 1: Sorting by Daily_Minutes_Spent (choice 1)
==================================================
Which column do you want to sort?
1. Daily_Minutes_Spent
2. Posts_Per_Day
3. Likes_Per_Day
4. Follows_Per_Day
Enter your choice: 1
Sorted Values:
5 5 6 6 8 8 8 9 10 11 12 12 13 14 18 21 21 24 26 26 26 27 28 28 31 32 32 33 33 36 36 37 39 39 39 40 40 40 43 43 44 45 47 47 47 48 51 51 52 52 52 52 53 56 56 58 59 59 61 61 61 63 63 67 67 67 67 68 71 72 74 74 75 75 76 76 76 77 78 80 80 81 81 83 84 84 87 87 87 88 89 89 89 90 91 93 94 96 97 97 98 99 99 99 100 101 101 101 101 103 104 104 104 105 105 106 107 108 109 109 111 112 114 115 115 117 119 120 122 123 125 126 127 127 128 129 130 130 135 135 139 141 142 142 143 144 148 149 149 153 153 154 154 156 157 157 159 159 160 161 161 166 167 167 167 169 171 172 175 176 176 176 178 179 179 180 181 183 186 186 186 187 188 188 189 192 192 192 192 193 196 197 199 201 201 202 204 204 206 207 208 212 213 214 215 215 218 220 221 222 223 226 227 227 229 231 231 232 233 233 238 238 239 241 241 241 242 242 243 246 246 250 251 251 252 253 254 257 260 261 263 265 266 267 267 272 273 279 280 281 282 285 285 288 288 289 289 292 292 293 295 299 300 300 301 303 303 304 305 305 305 306 311 311 311 312 312 313 313 314 314 315 315 316 317 317 317 318 318 319 320 321 323 325 328 330 331 331 331 332 335 336 337 337 337 338 339 339 341 341 344 347 347 348 351 351 353 354 355 357 357 359 361 362 363 363 366 368 368 369 371 372 374 374 376 376 379 383 383 384 385 386 388 388 389 391 391 393 394 395 395 395 396 398 399 400 401 402 404 404 405 405 405 405 406 407 408 408 408 412 412 413 414 417 417 420 421 423 423 423 424 426 426 427 428 431 431 431 433 434 435 435 435 436 442 442 442 444 445 447 447 447 448 449 449 450 451 451 451 453 453 454 457 457 457 461 462 464 464 465 466 468 468 473 474 474 475 475 476 479 479 481 481 483 483 485 485 486 487 490 491 491 492 492 493 494 495 495 496 497 498 498 499 
==================================================
Sample Run 2: Sorting by Posts_Per_Day (choice 2)
==================================================
Which column do you want to sort?
1. Daily_Minutes_Spent
2. Posts_Per_Day
3. Likes_Per_Day
4. Follows_Per_Day
Enter your choice: 2
Sorted Values:
0 0 0 0 0 0 0 0 0 0 0 0 0 0 0 1 1 1 1 1 1 1 1 1 1 1 1 1 1 1 2 2 2 2 2 2 2 2 2 2 2 2 2 2 2 2 2 2 2 2 2 2 3 3 3 3 3 3 3 3 3 3 3 3 3 3 3 3 3 3 3 3 3 3 3 3 3 3 3 3 3 4 4 4 4 4 4 4 4 4 4 4 4 4 4 4 4 5 5 5 5 5 5 5 5 5 5 5 5 5 5 5 5 5 5 5 6 6 6 6 6 6 6 6 6 6 6 6 6 6 6 6 6 7 7 7 7 7 7 7 7 7 7 7 7 7 7 7 7 7 7 7 7 7 7 7 7 8 8 8 8 8 8 8 8 8 8 8 8 8 8 8 8 8 8 8 8 8 8 8 8 9 9 9 9 9 9 9 9 9 9 9 9 9 9 9 9 9 9 9 9 9 10 10 10 10 10 10 10 10 10 10 10 10 10 10 10 10 10 10 10 10 10 10 10 10 10 10 10 11 11 11 11 11 11 11 11 11 11 11 11 11 11 11 12 12 12 12 12 12 12 12 12 12 12 12 12 12 12 12 12 12 13 13 13 13 13 13 13 13 13 13 13 13 13 13 13 13 13 13 13 14 14 14 14 14 14 14 14 14 14 14 14 14 14 14 14 14 14 14 14 14 14 14 14 14 14 14 14 15 15 15 15 15 15 15 15 15 15 15 15 15 15 15 15 15 15 15 15 16 16 16 16 16 16 16 16 16 16 16 16 16 16 16 16 16 16 16 16 16 16 16 16 16 16 16 16 16 16 17 17 17 17 17 17 17 17 17 17 17 17 17 17 17 17 17 17 17 17 17 18 18 18 18 18 18 18 18 18 18 18 18 18 18 18 18 18 18 19 19 19 19 19 19 19 19 19 19 19 19 19 19 19 19 19 19 19 19 19 19 19 19 19 19 19 19 20 20 20 20 20 20 20 20 20 20 20 20 20 20 20 20 20 20 20 20 20 20 20 20 20 20 20 
==================================================
Sample Run 3: Sorting by Likes_Per_Day (choice 3)
==================================================
Which column do you want to sort?
1. Daily_Minutes_Spent
2. Posts_Per_Day
3. Likes_Per_Day
4. Follows_Per_Day
Enter your choice: 3
Sorted Values:
1 1 1 1 2 3 3 3 3 4 4 4 5 6 6 6 6 6 7 8 8 9 9 9 9 10 10 10 10 11 11 12 12 13 13 14 14 14 14 15 15 15 15 16 16 16 17 17 17 17 17 18 19 19 19 19 20 21 21 21 21 22 22 23 23 23 23 25 26 26 27 27 28 28 28 28 30 30 31 31 33 33 33 33 34 34 36 36 37 37 37 37 37 38 38 38 39 39 40 40 40 40 41 41 41 41 41 42 42 43 43 44 44 44 46 46 47 47 48 48 48 49 50 50 50 50 51 51 52 53 53 53 53 55 56 56 57 57 58 60 60 61 61 61 61 61 63 63 63 64 64 65 65 66 66 66 67 67 67 69 69 70 70 70 71 72 72 73 74 74 75 75 76 76 76 78 78 78 78 79 79 80 81 81 81 82 82 82 82 82 84 85 85 85 85 86 86 86 87 87 87 88 88 89 89 89 91 91 92 92 92 93 93 93 94 94 94 95 95 96 96 96 96 96 97 97 97 97 97 98 98 98 99 99 100 100 101 102 102 102 104 104 104 105 105 106 106 106 107 107 107 108 110 110 110 110 111 111 111 111 111 112 112 112 112 113 114 114 115 115 116 116 116 117 117 117 117 117 117 118 118 118 120 120 120 120 120 120 121 121 121 121 122 123 123 123 123 124 124 124 125 126 127 127 128 128 128 128 129 130 130 131 131 132 132 132 132 132 132 132 132 133 133 134 134 135 135 136 136 137 138 138 138 139 139 139 139 140 142 142 142 143 144 144 144 145 145 146 146 146 147 149 150 150 150 151 151 151 151 151 153 154 154 155 156 156 157 157 157 157 158 158 158 159 159 159 160 160 160 160 161 162 163 163 163 163 164 165 165 166 166 167 168 168 169 169 170 171 172 173 173 174 174 175 176 178 179 179 179 181 181 181 181 182 182 182 184 184 184 184 185 185 186 187 187 188 189 189 190 190 191 191 191 192 192 192 192 192 193 194 194 195 195 195 195 196 197 197 198 199 199 199 200 
==================================================
Sample Run 4: Sorting by Follows_Per_Day (choice 4)
==================================================
Which column do you want to sort?
1. Daily_Minutes_Spent
2. Posts_Per_Day
3. Likes_Per_Day
4. Follows_Per_Day
Enter your choice: 4
Sorted Values:
0 0 0 0 0 0 0 1 1 1 1 1 1 1 1 2 2 2 2 2 2 2 2 2 3 3 3 3 3 3 3 3 4 4 4 4 4 4 4 4 4 4 5 5 5 5 5 5 5 5 5 5 5 5 5 5 5 6 6 6 6 6 6 6 6 6 7 7 7 7 7 7 7 7 7 8 8 8 8 8 8 8 9 9 9 9 9 9 9 9 9 9 9 9 9 9 9 9 9 9 9 9 9 10 10 10 10 10 10 10 10 10 10 10 11 11 11 11 11 12 12 12 12 12 12 13 13 13 13 13 13 13 14 14 14 14 15 15 15 15 15 15 15 15 15 15 15 15 15 15 15 16 16 16 16 16 16 16 16 17 17 17 17 17 17 17 17 17 17 18 18 18 18 18 18 18 18 18 19 19 19 19 19 19 19 19 20 20 20 20 20 20 20 20 20 20 20 20 20 21 21 21 21 21 21 21 21 21 22 22 22 22 22 22 22 22 22 22 22 22 23 23 23 23 23 23 23 23 24 24 24 24 24 24 24 24 25 25 25 25 25 25 25 25 25 25 25 26 26 26 26 26 26 27 27 27 27 28 28 28 29 29 29 29 29 29 30 30 30 30 30 30 30 30 30 30 31 31 31 31 31 32 32 32 32 32 32 32 32 32 32 33 33 33 33 33 33 34 34 34 34 34 34 34 34 34 34 34 35 35 35 35 35 35 35 35 36 36 36 36 36 36 36 36 37 37 37 37 37 37 37 38 38 38 38 38 38 38 39 39 39 39 39 39 39 39 39 39 39 40 40 40 40 40 40 40 40 40 40 41 41 41 41 41 41 41 42 42 42 42 42 42 42 42 42 42 42 43 43 43 43 43 43 43 43 43 43 43 44 44 44 44 44 44 44 44 44 45 45 45 45 45 45 45 45 45 46 46 46 46 46 46 46 46 46 47 47 47 47 47 47 47 47 47 48 48 48 48 48 48 48 48 48 49 49 49 49 49 49 49 49 49 50 50 50 50 50 50 50 50 50 50 50